Loaded input file "chain_atoms.inp"

Parameters read from "chain_atoms.inp":
    n_atoms = 10
    alternate_alpha = 1

Chain object was generated.
Different atom types found in the system: Alternating alpha is  1.00

The Huckel matrix of this system is:

 0.00 -1.00  0.00  0.00  0.00  0.00  0.00  0.00  0.00  0.00
-1.00  1.00 -1.00  0.00  0.00  0.00  0.00  0.00  0.00  0.00
 0.00 -1.00  0.00 -1.00  0.00  0.00  0.00  0.00  0.00  0.00
 0.00  0.00 -1.00  1.00 -1.00  0.00  0.00  0.00  0.00  0.00
 0.00  0.00  0.00 -1.00  0.00 -1.00  0.00  0.00  0.00  0.00
 0.00  0.00  0.00  0.00 -1.00  1.00 -1.00  0.00  0.00  0.00
 0.00  0.00  0.00  0.00  0.00 -1.00  0.00 -1.00  0.00  0.00
 0.00  0.00  0.00  0.00  0.00  0.00 -1.00  1.00 -1.00  0.00
 0.00  0.00  0.00  0.00  0.00  0.00  0.00 -1.00  0.00 -1.00
 0.00  0.00  0.00  0.00  0.00  0.00  0.00  0.00 -1.00  1.00

The eigenvalues of the Huckel matrix are:

-1.48305
-1.25523
-0.90192
-0.46968
-0.07534
 1.07534
 1.46968
 1.90192
 2.25523
 2.48305

The eigenvectos (in columns) of the Huckel matrix are:

 0.13443 -0.26131 -0.37535 -0.47751  0.57701  0.15273  0.26994 -0.25848  0.19495  0.10389
 0.19936 -0.32800 -0.33853 -0.22428  0.04347 -0.16424 -0.39673  0.49160 -0.43966 -0.25796
 0.36060 -0.47841 -0.26851  0.14789 -0.53027 -0.14036 -0.08361 -0.18491  0.35692  0.27868
 0.33543 -0.27252  0.09636  0.29374 -0.08342  0.31517  0.51960 -0.13992 -0.36528 -0.43402
 0.47228 -0.13617  0.45177  0.28381  0.44056  0.11661 -0.16044  0.31110  0.10159  0.36499
 0.36499  0.10159  0.31110 -0.16044  0.11661 -0.44056 -0.28381 -0.45177  0.13617 -0.47228
 0.43402  0.36528  0.13992 -0.51960 -0.31517 -0.08342  0.29374  0.09636 -0.27252  0.33543
 0.27868  0.35692 -0.18491 -0.08361 -0.14036  0.53027 -0.14789  0.26851  0.47841 -0.36060
 0.25796  0.43966 -0.49160  0.39673  0.16424  0.04347 -0.22428 -0.33853 -0.32800  0.19936
 0.10389  0.19495 -0.25848  0.26994  0.15273 -0.57701  0.47751  0.37535  0.26131 -0.13443
