Loaded input file "chain.inp"

Parameters read from "chain.inp":
    n_atoms = 10

Chain object was generated.

The Huckel matrix of this system is:

 0.00 -1.00  0.00  0.00  0.00  0.00  0.00  0.00  0.00  0.00
-1.00  0.00 -1.00  0.00  0.00  0.00  0.00  0.00  0.00  0.00
 0.00 -1.00  0.00 -1.00  0.00  0.00  0.00  0.00  0.00  0.00
 0.00  0.00 -1.00  0.00 -1.00  0.00  0.00  0.00  0.00  0.00
 0.00  0.00  0.00 -1.00  0.00 -1.00  0.00  0.00  0.00  0.00
 0.00  0.00  0.00  0.00 -1.00  0.00 -1.00  0.00  0.00  0.00
 0.00  0.00  0.00  0.00  0.00 -1.00  0.00 -1.00  0.00  0.00
 0.00  0.00  0.00  0.00  0.00  0.00 -1.00  0.00 -1.00  0.00
 0.00  0.00  0.00  0.00  0.00  0.00  0.00 -1.00  0.00 -1.00
 0.00  0.00  0.00  0.00  0.00  0.00  0.00  0.00 -1.00  0.00

The eigenvalues of the Huckel matrix are:

-1.91899
-1.68251
-1.30972
-0.83083
-0.28463
 0.28463
 0.83083
 1.30972
 1.68251
 1.91899

The eigenvectos (in columns) of the Huckel matrix are:

-0.12013  0.23053  0.32225  0.38787 -0.42206 -0.42206  0.38787 -0.32225 -0.23053 -0.12013
-0.23053  0.38787  0.42206  0.32225 -0.12013  0.12013 -0.32225  0.42206  0.38787  0.23053
-0.32225  0.42206  0.23053 -0.12013  0.38787  0.38787 -0.12013 -0.23053 -0.42206 -0.32225
-0.38787  0.32225 -0.12013 -0.42206  0.23053 -0.23053  0.42206 -0.12013  0.32225  0.38787
-0.42206  0.12013 -0.38787 -0.23053 -0.32225 -0.32225 -0.23053  0.38787 -0.12013 -0.42206
-0.42206 -0.12013 -0.38787  0.23053 -0.32225  0.32225 -0.23053 -0.38787 -0.12013  0.42206
-0.38787 -0.32225 -0.12013  0.42206  0.23053  0.23053  0.42206  0.12013  0.32225 -0.38787
-0.32225 -0.42206  0.23053  0.12013  0.38787 -0.38787 -0.12013  0.23053 -0.42206  0.32225
-0.23053 -0.38787  0.42206 -0.32225 -0.12013 -0.12013 -0.32225 -0.42206  0.38787 -0.23053
-0.12013 -0.23053  0.32225 -0.38787 -0.42206  0.42206  0.38787  0.32225 -0.23053  0.12013
