Loaded input file "chain_distances_atoms.inp"

Parameters read from "chain_distances_atoms.inp":
    n_atoms = 10
    alternate_alpha = 1
    alternate_beta = -0.8

Chain object was generated.
Different atom types found in the system: Alternating alpha is  1.00
Different bond lengths found in the system: B minus is -0.80

The Huckel matrix of this system is:

 0.00 -1.00  0.00  0.00  0.00  0.00  0.00  0.00  0.00  0.00
-1.00  1.00 -0.80  0.00  0.00  0.00  0.00  0.00  0.00  0.00
 0.00 -0.80  0.00 -1.00  0.00  0.00  0.00  0.00  0.00  0.00
 0.00  0.00 -1.00  1.00 -0.80  0.00  0.00  0.00  0.00  0.00
 0.00  0.00  0.00 -0.80  0.00 -1.00  0.00  0.00  0.00  0.00
 0.00  0.00  0.00  0.00 -1.00  1.00 -0.80  0.00  0.00  0.00
 0.00  0.00  0.00  0.00  0.00 -0.80  0.00 -1.00  0.00  0.00
 0.00  0.00  0.00  0.00  0.00  0.00 -1.00  1.00 -0.80  0.00
 0.00  0.00  0.00  0.00  0.00  0.00  0.00 -0.80  0.00 -1.00
 0.00  0.00  0.00  0.00  0.00  0.00  0.00  0.00 -1.00  1.00

The eigenvalues of the Huckel matrix are:

-1.30029
-1.10412
-0.80317
-0.44495
-0.13605
 1.13605
 1.44495
 1.80317
 2.10412
 2.30029

The eigenvectos (in columns) of the Huckel matrix are:

-0.14849  0.28770 -0.40919  0.50169 -0.48929 -0.16932  0.27840  0.27309  0.20841 -0.11164
-0.19307  0.31766 -0.32865  0.22322 -0.06657  0.19236 -0.40227 -0.49243 -0.43852  0.25680
-0.36955  0.47586 -0.22927 -0.22392  0.51709  0.17894 -0.12426  0.15302  0.34471 -0.27785
-0.32607  0.27128  0.07877 -0.27821  0.12360 -0.35717  0.50136  0.11803 -0.37450  0.43369
-0.47562  0.11869  0.46414 -0.22260 -0.47084 -0.16294 -0.12353 -0.30977  0.08598 -0.35760
-0.35760 -0.08598  0.30977  0.12353 -0.16294  0.47084 -0.22260  0.46414  0.11869  0.47562
-0.43369 -0.37450  0.11803  0.50136  0.35717  0.12360  0.27821 -0.07877 -0.27128 -0.32607
-0.27785 -0.34471 -0.15302  0.12426  0.17894 -0.51709 -0.22392 -0.22927  0.47586  0.36955
-0.25680 -0.43852 -0.49243 -0.40227 -0.19236 -0.06657 -0.22322  0.32865 -0.31766 -0.19307
-0.11164 -0.20841 -0.27309 -0.27840 -0.16932  0.48929  0.50169 -0.40919  0.28770  0.14849
