Loaded input file "chain_distances.inp"

Parameters read from "chain_distances.inp":
    n_atoms = 10
    alternate_beta = -0.8

Chain object was generated.
Different bond lengths found in the system: B minus is -0.80

The Huckel matrix of this system is:

 0.00 -1.00  0.00  0.00  0.00  0.00  0.00  0.00  0.00  0.00
-1.00  0.00 -0.80  0.00  0.00  0.00  0.00  0.00  0.00  0.00
 0.00 -0.80  0.00 -1.00  0.00  0.00  0.00  0.00  0.00  0.00
 0.00  0.00 -1.00  0.00 -0.80  0.00  0.00  0.00  0.00  0.00
 0.00  0.00  0.00 -0.80  0.00 -1.00  0.00  0.00  0.00  0.00
 0.00  0.00  0.00  0.00 -1.00  0.00 -0.80  0.00  0.00  0.00
 0.00  0.00  0.00  0.00  0.00 -0.80  0.00 -1.00  0.00  0.00
 0.00  0.00  0.00  0.00  0.00  0.00 -1.00  0.00 -0.80  0.00
 0.00  0.00  0.00  0.00  0.00  0.00  0.00 -0.80  0.00 -1.00
 0.00  0.00  0.00  0.00  0.00  0.00  0.00  0.00 -1.00  0.00

The eigenvalues of the Huckel matrix are:

-1.72947
-1.52421
-1.20343
-0.80183
-0.39313
 0.39313
 0.80183
 1.20343
 1.52421
 1.72947

The eigenvectos (in columns) of the Huckel matrix are:

 0.13136 -0.25120  0.34786 -0.40571 -0.36611 -0.36611  0.40571  0.34786 -0.25120 -0.13136
 0.22718 -0.38289  0.41862 -0.32531 -0.14393  0.14393 -0.32531 -0.41862  0.38289  0.22718
 0.32693 -0.41549  0.19491  0.18108  0.38691  0.38691 -0.18108  0.19491 -0.41549 -0.32693
 0.38367 -0.32699 -0.10034  0.40544  0.26725 -0.26725  0.40544  0.10034  0.32699  0.38367
 0.42077 -0.10363 -0.39458  0.18001 -0.35231 -0.35231 -0.18001 -0.39458 -0.10363 -0.42077
 0.42077  0.10363 -0.39458 -0.18001 -0.35231  0.35231 -0.18001  0.39458 -0.10363  0.42077
 0.38367  0.32699 -0.10034 -0.40544  0.26725  0.26725  0.40544 -0.10034  0.32699 -0.38367
 0.32693  0.41549  0.19491 -0.18108  0.38691 -0.38691 -0.18108 -0.19491 -0.41549  0.32693
 0.22718  0.38289  0.41862  0.32531 -0.14393 -0.14393 -0.32531  0.41862  0.38289 -0.22718
 0.13136  0.25120  0.34786  0.40571 -0.36611  0.36611  0.40571 -0.34786 -0.25120  0.13136
