Loaded input file "ring_distances.inp"

Parameters read from "ring_distances.inp":
    n_atoms = 10
    ring = True
    alternate_beta = -0.8

Chain object was generated.

Chain was closed to form a ring.
Different bond lengths found in the system: B minus is -0.80

The Huckel matrix of this system is:

 0.00 -1.00  0.00  0.00  0.00  0.00  0.00  0.00  0.00 -1.00
-1.00  0.00 -0.80  0.00  0.00  0.00  0.00  0.00  0.00  0.00
 0.00 -0.80  0.00 -1.00  0.00  0.00  0.00  0.00  0.00  0.00
 0.00  0.00 -1.00  0.00 -0.80  0.00  0.00  0.00  0.00  0.00
 0.00  0.00  0.00 -0.80  0.00 -1.00  0.00  0.00  0.00  0.00
 0.00  0.00  0.00  0.00 -1.00  0.00 -0.80  0.00  0.00  0.00
 0.00  0.00  0.00  0.00  0.00 -0.80  0.00 -1.00  0.00  0.00
 0.00  0.00  0.00  0.00  0.00  0.00 -1.00  0.00 -0.80  0.00
 0.00  0.00  0.00  0.00  0.00  0.00  0.00 -0.80  0.00 -1.00
-1.00  0.00  0.00  0.00  0.00  0.00  0.00  0.00 -1.00  0.00

The eigenvalues of the Huckel matrix are:

-1.85199
-1.52602
-1.45223
-0.62432
-0.55011
 0.55011
 0.62432
 1.45223
 1.52602
 1.85199

The eigenvectos (in columns) of the Huckel matrix are:

 0.40436  0.38110  0.14071  0.28977 -0.29578  0.29578  0.28977  0.14071  0.38110  0.40436
 0.34451  0.20047  0.34505 -0.10886 -0.45849 -0.45849  0.10886 -0.34505 -0.20047 -0.34451
 0.29209 -0.09398  0.45047 -0.44717  0.05445 -0.05445 -0.44717  0.45047 -0.09398  0.29209
 0.26534 -0.30379  0.37815 -0.19209  0.39675  0.39675  0.19209 -0.37815  0.30379 -0.26534
 0.24915 -0.46201  0.12337  0.40905  0.20476 -0.20476  0.40905  0.12337 -0.46201  0.24915
 0.24915 -0.46201 -0.12337  0.40905 -0.20476 -0.20476 -0.40905  0.12337  0.46201 -0.24915
 0.26534 -0.30379 -0.37815 -0.19209 -0.39675  0.39675 -0.19209 -0.37815 -0.30379  0.26534
 0.29209 -0.09398 -0.45047 -0.44717 -0.05445 -0.05445  0.44717  0.45047  0.09398 -0.29209
 0.34451  0.20047 -0.34505 -0.10886  0.45849 -0.45849 -0.10886 -0.34505  0.20047  0.34451
 0.40436  0.38110 -0.14071  0.28977  0.29578  0.29578 -0.28977  0.14071 -0.38110 -0.40436
