Loaded input file "ring_atoms_distances.inp"

Parameters read from "ring_atoms_distances.inp":
    n_atoms = 10
    ring = True
    alternate_alpha = 1
    alternate_beta = -0.8

Chain object was generated.

Chain was closed to form a ring.
Different atom types found in the system: Alternating alpha is  1.00
Different bond lengths found in the system: B minus is -0.80

The Huckel matrix of this system is:

 0.00 -1.00  0.00  0.00  0.00  0.00  0.00  0.00  0.00 -1.00
-1.00  1.00 -0.80  0.00  0.00  0.00  0.00  0.00  0.00  0.00
 0.00 -0.80  0.00 -1.00  0.00  0.00  0.00  0.00  0.00  0.00
 0.00  0.00 -1.00  1.00 -0.80  0.00  0.00  0.00  0.00  0.00
 0.00  0.00  0.00 -0.80  0.00 -1.00  0.00  0.00  0.00  0.00
 0.00  0.00  0.00  0.00 -1.00  1.00 -0.80  0.00  0.00  0.00
 0.00  0.00  0.00  0.00  0.00 -0.80  0.00 -1.00  0.00  0.00
 0.00  0.00  0.00  0.00  0.00  0.00 -1.00  1.00 -0.80  0.00
 0.00  0.00  0.00  0.00  0.00  0.00  0.00 -0.80  0.00 -1.00
-1.00  0.00  0.00  0.00  0.00  0.00  0.00  0.00 -1.00  1.00

The eigenvalues of the Huckel matrix are:

-1.41830
-1.10585
-1.03589
-0.29986
-0.24339
 1.24339
 1.29986
 2.03589
 2.10585
 2.41830

The eigenvectos (in columns) of the Huckel matrix are:

-0.45401 -0.43642 -0.16200 -0.36940  0.38253 -0.16924 -0.17742  0.11556  0.31626  0.34769
-0.29623 -0.16636 -0.28337  0.06665  0.26234  0.59296 -0.13877 -0.39726 -0.22957 -0.38681
-0.32796  0.10762 -0.51864  0.57005 -0.07042  0.03115  0.27379  0.36995 -0.07799  0.25116
-0.22816  0.25210 -0.31056  0.11761 -0.22701 -0.51311 -0.24488 -0.43538  0.34788 -0.29792
-0.27974  0.52907 -0.14203 -0.52146 -0.26481  0.11716 -0.25046  0.10132 -0.38340  0.21423
-0.21423  0.38340  0.10132 -0.25046  0.11716  0.26481  0.52146  0.14203  0.52907 -0.27974
-0.29792  0.34788  0.43538  0.24488  0.51311 -0.22701  0.11761 -0.31056 -0.25210  0.22816
-0.25116  0.07799  0.36995  0.27379  0.03115  0.07042 -0.57005  0.51864  0.10762 -0.32796
-0.38681 -0.22957  0.39726  0.13877 -0.59296  0.26234  0.06665 -0.28337  0.16636  0.29623
-0.34769 -0.31626  0.11556 -0.17742 -0.16924 -0.38253  0.36940  0.16200 -0.43642 -0.45401
